% -------------------------------------------------------------------
%  Generated by MATLAB on 30-Jan-2024 19:00:54
%  MATLAB version: 9.11.0.1769968 (R2021b)
% -------------------------------------------------------------------
                                        

a = 'PCWIN64';

f_c = 1278.75;

fpbv = [1258.75 1298.75];

fpg = [1258.75 1298.75];

fpp = [1258.75 1298.75];

fpr = [1258.75 1298.75];

fpt = [1258.75 1298.75];

fsg = [1258.75 1298.75];

fsp = [1258.75 1298.75];

fsr = [1258.75 1298.75];

fst = [0.3 150 150 1190 1190 1210 1210 1220 1220 1235.75 1235.75 1243.75 ...
       1243.75 1313.75 1313.75 1330 1330 1340 1340 1370 1370 2500 2500 ...
       3500 3500 4000 4000 6000 6000 8000];

global_variables = struct;
global_variables.testmode = 0;
global_variables.max_cell_type = 27;
global_variables.max_ww_switch = 1;
global_variables.SPUDT_SFIT_revision = '9p3';
global_variables.spudt_layout_macro = 'spudt.mob';
global_variables.lcrf_layout_macro1 = 'zweitor.mob';
global_variables.lcrf_layout_macro2 = 'LCRF1.mob';
global_variables.lcrf_layout_macro3 = 'lrsf.mob';
global_variables.lcrf_layout_macro4 = 'LCRF1.mob';
global_variables.lcrf_layout_macro5 = 'LCRF1.mob';
global_variables.ief_layout_macro1 = 'IEF.mob';
global_variables.minimum_fingerwidth = 0.5;
global_variables.etching_predistortion = 1.2;
global_variables.frame_width = 10;
global_variables.sawing_tolerance = 80;
global_variables.min_frame_distance = 150;
global_variables.min_frame_distance2 = 120;
global_variables.bond_pad_height = 120;
global_variables.overbond_pad_height = 150;
global_variables.flip_bump_height = 127;
global_variables.bump_width = 120;
global_variables.abs_distance = 100;
global_variables.abs_distance_SD06 = 10;
global_variables.min_abs_length = 200;
global_variables.min_abs_length_SD06 = 50;
global_variables.standard_track_distance = 500;
global_variables.inter_track_spacer = 200;
global_variables.standard_quartz_cut = 36.5;
global_variables.standard_LiTaO3_energy_flow_angle = 1.6;
global_variables.vfs_abs_fingerwidth_tol = 0.05;
global_variables.vfs_rel_filmthickness_tol = 0.02;
global_variables.tft_abs_fingerwidth_tol = 0.07;
global_variables.tft_rel_filmthickness_tol = 0.02;
global_variables.gui_helpPath = ['html_help\TFT_common_tool_boxes\graph' ...
                                 'ics'];

mpbv = [-2 -2];

mpg = [0.06 0.06];

mpp = [500 500];

mpr = [-9 -9];

mpt = [-3 -3];

msg = [0 0];

msp = [-500 -500];

msr = [-200 -200];

mst = [-28 -28 -28 -28 -33 -33 -36 -36 -20 -20 0 0 0 0 0 0 -20 -20 -30 ...
       -30 -30 -30 0 0 0 0 0 0 0 0];

reference_fpt = 'absolute';

reference_fst = 'absolute';

tkh = [-4.3E-5 0 -46 105 23];

tkl = [-4.3E-5 0 -46 105 23];

